   0.00000000000000e+00   8.00000011920929e-01   8.00000011920929e-01   1.00000001490116e-01   1.00000001490116e-01   1.00000001490116e-01   1.99999995529652e-02   1.99999995529652e-02   1.99999995529652e-02   1.99999995529652e-02   1.99999995529652e-02   1.99999995529652e-02   1.00000004749745e-03   1.00000004749745e-03   1.00000004749745e-03   1.00000004749745e-03   1.00000004749745e-03   1.00000004749745e-03   1.00000004749745e-03   1.00000004749745e-03   1.00000004749745e-03   1.00000004749745e-03   1.00000004749745e-03   1.00000004749745e-03
   8.00000011920929e-01   0.00000000000000e+00   8.00000011920929e-01   1.00000001490116e-01   1.00000001490116e-01   1.00000001490116e-01   1.99999995529652e-02   1.99999995529652e-02   1.99999995529652e-02   1.99999995529652e-02   1.99999995529652e-02   1.99999995529652e-02   1.00000004749745e-03   1.00000004749745e-03   1.00000004749745e-03   1.00000004749745e-03   1.00000004749745e-03   1.00000004749745e-03   1.00000004749745e-03   1.00000004749745e-03   1.00000004749745e-03   1.00000004749745e-03   1.00000004749745e-03   1.00000004749745e-03
   8.00000011920929e-01   8.00000011920929e-01   0.00000000000000e+00   1.00000001490116e-01   1.00000001490116e-01   1.00000001490116e-01   1.99999995529652e-02   1.99999995529652e-02   1.99999995529652e-02   1.99999995529652e-02   1.99999995529652e-02   1.99999995529652e-02   1.00000004749745e-03   1.00000004749745e-03   1.00000004749745e-03   1.00000004749745e-03   1.00000004749745e-03   1.00000004749745e-03   1.00000004749745e-03   1.00000004749745e-03   1.00000004749745e-03   1.00000004749745e-03   1.00000004749745e-03   1.00000004749745e-03
   1.00000001490116e-01   1.00000001490116e-01   1.00000001490116e-01   0.00000000000000e+00   8.00000011920929e-01   8.00000011920929e-01   1.99999995529652e-02   1.99999995529652e-02   1.99999995529652e-02   1.99999995529652e-02   1.99999995529652e-02   1.99999995529652e-02   1.00000004749745e-03   1.00000004749745e-03   1.00000004749745e-03   1.00000004749745e-03   1.00000004749745e-03   1.00000004749745e-03   1.00000004749745e-03   1.00000004749745e-03   1.00000004749745e-03   1.00000004749745e-03   1.00000004749745e-03   1.00000004749745e-03
   1.00000001490116e-01   1.00000001490116e-01   1.00000001490116e-01   8.00000011920929e-01   0.00000000000000e+00   8.00000011920929e-01   1.99999995529652e-02   1.99999995529652e-02   1.99999995529652e-02   1.99999995529652e-02   1.99999995529652e-02   1.99999995529652e-02   1.00000004749745e-03   1.00000004749745e-03   1.00000004749745e-03   1.00000004749745e-03   1.00000004749745e-03   1.00000004749745e-03   1.00000004749745e-03   1.00000004749745e-03   1.00000004749745e-03   1.00000004749745e-03   1.00000004749745e-03   1.00000004749745e-03
   1.00000001490116e-01   1.00000001490116e-01   1.00000001490116e-01   8.00000011920929e-01   8.00000011920929e-01   0.00000000000000e+00   1.99999995529652e-02   1.99999995529652e-02   1.99999995529652e-02   1.99999995529652e-02   1.99999995529652e-02   1.99999995529652e-02   1.00000004749745e-03   1.00000004749745e-03   1.00000004749745e-03   1.00000004749745e-03   1.00000004749745e-03   1.00000004749745e-03   1.00000004749745e-03   1.00000004749745e-03   1.00000004749745e-03   1.00000004749745e-03   1.00000004749745e-03   1.00000004749745e-03
   1.99999995529652e-02   1.99999995529652e-02   1.99999995529652e-02   1.99999995529652e-02   1.99999995529652e-02   1.99999995529652e-02   0.00000000000000e+00   8.00000011920929e-01   8.00000011920929e-01   1.00000001490116e-01   1.00000001490116e-01   1.00000001490116e-01   1.00000004749745e-03   1.00000004749745e-03   1.00000004749745e-03   1.00000004749745e-03   1.00000004749745e-03   1.00000004749745e-03   1.00000004749745e-03   1.00000004749745e-03   1.00000004749745e-03   1.00000004749745e-03   1.00000004749745e-03   1.00000004749745e-03
   1.99999995529652e-02   1.99999995529652e-02   1.99999995529652e-02   1.99999995529652e-02   1.99999995529652e-02   1.99999995529652e-02   8.00000011920929e-01   0.00000000000000e+00   8.00000011920929e-01   1.00000001490116e-01   1.00000001490116e-01   1.00000001490116e-01   1.00000004749745e-03   1.00000004749745e-03   1.00000004749745e-03   1.00000004749745e-03   1.00000004749745e-03   1.00000004749745e-03   1.00000004749745e-03   1.00000004749745e-03   1.00000004749745e-03   1.00000004749745e-03   1.00000004749745e-03   1.00000004749745e-03
   1.99999995529652e-02   1.99999995529652e-02   1.99999995529652e-02   1.99999995529652e-02   1.99999995529652e-02   1.99999995529652e-02   8.00000011920929e-01   8.00000011920929e-01   0.00000000000000e+00   1.00000001490116e-01   1.00000001490116e-01   1.00000001490116e-01   1.00000004749745e-03   1.00000004749745e-03   1.00000004749745e-03   1.00000004749745e-03   1.00000004749745e-03   1.00000004749745e-03   1.00000004749745e-03   1.00000004749745e-03   1.00000004749745e-03   1.00000004749745e-03   1.00000004749745e-03   1.00000004749745e-03
   1.99999995529652e-02   1.99999995529652e-02   1.99999995529652e-02   1.99999995529652e-02   1.99999995529652e-02   1.99999995529652e-02   1.00000001490116e-01   1.00000001490116e-01   1.00000001490116e-01   0.00000000000000e+00   8.00000011920929e-01   8.00000011920929e-01   1.00000004749745e-03   1.00000004749745e-03   1.00000004749745e-03   1.00000004749745e-03   1.00000004749745e-03   1.00000004749745e-03   1.00000004749745e-03   1.00000004749745e-03   1.00000004749745e-03   1.00000004749745e-03   1.00000004749745e-03   1.00000004749745e-03
   1.99999995529652e-02   1.99999995529652e-02   1.99999995529652e-02   1.99999995529652e-02   1.99999995529652e-02   1.99999995529652e-02   1.00000001490116e-01   1.00000001490116e-01   1.00000001490116e-01   8.00000011920929e-01   0.00000000000000e+00   8.00000011920929e-01   1.00000004749745e-03   1.00000004749745e-03   1.00000004749745e-03   1.00000004749745e-03   1.00000004749745e-03   1.00000004749745e-03   1.00000004749745e-03   1.00000004749745e-03   1.00000004749745e-03   1.00000004749745e-03   1.00000004749745e-03   1.00000004749745e-03
   1.99999995529652e-02   1.99999995529652e-02   1.99999995529652e-02   1.99999995529652e-02   1.99999995529652e-02   1.99999995529652e-02   1.00000001490116e-01   1.00000001490116e-01   1.00000001490116e-01   8.00000011920929e-01   8.00000011920929e-01   0.00000000000000e+00   1.00000004749745e-03   1.00000004749745e-03   1.00000004749745e-03   1.00000004749745e-03   1.00000004749745e-03   1.00000004749745e-03   1.00000004749745e-03   1.00000004749745e-03   1.00000004749745e-03   1.00000004749745e-03   1.00000004749745e-03   1.00000004749745e-03
   1.00000004749745e-03   1.00000004749745e-03   1.00000004749745e-03   1.00000004749745e-03   1.00000004749745e-03   1.00000004749745e-03   1.00000004749745e-03   1.00000004749745e-03   1.00000004749745e-03   1.00000004749745e-03   1.00000004749745e-03   1.00000004749745e-03   0.00000000000000e+00   8.00000011920929e-01   8.00000011920929e-01   1.00000001490116e-01   1.00000001490116e-01   1.00000001490116e-01   1.99999995529652e-02   1.99999995529652e-02   1.99999995529652e-02   1.99999995529652e-02   1.99999995529652e-02   1.99999995529652e-02
   1.00000004749745e-03   1.00000004749745e-03   1.00000004749745e-03   1.00000004749745e-03   1.00000004749745e-03   1.00000004749745e-03   1.00000004749745e-03   1.00000004749745e-03   1.00000004749745e-03   1.00000004749745e-03   1.00000004749745e-03   1.00000004749745e-03   8.00000011920929e-01   0.00000000000000e+00   8.00000011920929e-01   1.00000001490116e-01   1.00000001490116e-01   1.00000001490116e-01   1.99999995529652e-02   1.99999995529652e-02   1.99999995529652e-02   1.99999995529652e-02   1.99999995529652e-02   1.99999995529652e-02
   1.00000004749745e-03   1.00000004749745e-03   1.00000004749745e-03   1.00000004749745e-03   1.00000004749745e-03   1.00000004749745e-03   1.00000004749745e-03   1.00000004749745e-03   1.00000004749745e-03   1.00000004749745e-03   1.00000004749745e-03   1.00000004749745e-03   8.00000011920929e-01   8.00000011920929e-01   0.00000000000000e+00   1.00000001490116e-01   1.00000001490116e-01   1.00000001490116e-01   1.99999995529652e-02   1.99999995529652e-02   1.99999995529652e-02   1.99999995529652e-02   1.99999995529652e-02   1.99999995529652e-02
   1.00000004749745e-03   1.00000004749745e-03   1.00000004749745e-03   1.00000004749745e-03   1.00000004749745e-03   1.00000004749745e-03   1.00000004749745e-03   1.00000004749745e-03   1.00000004749745e-03   1.00000004749745e-03   1.00000004749745e-03   1.00000004749745e-03   1.00000001490116e-01   1.00000001490116e-01   1.00000001490116e-01   0.00000000000000e+00   8.00000011920929e-01   8.00000011920929e-01   1.99999995529652e-02   1.99999995529652e-02   1.99999995529652e-02   1.99999995529652e-02   1.99999995529652e-02   1.99999995529652e-02
   1.00000004749745e-03   1.00000004749745e-03   1.00000004749745e-03   1.00000004749745e-03   1.00000004749745e-03   1.00000004749745e-03   1.00000004749745e-03   1.00000004749745e-03   1.00000004749745e-03   1.00000004749745e-03   1.00000004749745e-03   1.00000004749745e-03   1.00000001490116e-01   1.00000001490116e-01   1.00000001490116e-01   8.00000011920929e-01   0.00000000000000e+00   8.00000011920929e-01   1.99999995529652e-02   1.99999995529652e-02   1.99999995529652e-02   1.99999995529652e-02   1.99999995529652e-02   1.99999995529652e-02
   1.00000004749745e-03   1.00000004749745e-03   1.00000004749745e-03   1.00000004749745e-03   1.00000004749745e-03   1.00000004749745e-03   1.00000004749745e-03   1.00000004749745e-03   1.00000004749745e-03   1.00000004749745e-03   1.00000004749745e-03   1.00000004749745e-03   1.00000001490116e-01   1.00000001490116e-01   1.00000001490116e-01   8.00000011920929e-01   8.00000011920929e-01   0.00000000000000e+00   1.99999995529652e-02   1.99999995529652e-02   1.99999995529652e-02   1.99999995529652e-02   1.99999995529652e-02   1.99999995529652e-02
   1.00000004749745e-03   1.00000004749745e-03   1.00000004749745e-03   1.00000004749745e-03   1.00000004749745e-03   1.00000004749745e-03   1.00000004749745e-03   1.00000004749745e-03   1.00000004749745e-03   1.00000004749745e-03   1.00000004749745e-03   1.00000004749745e-03   1.99999995529652e-02   1.99999995529652e-02   1.99999995529652e-02   1.99999995529652e-02   1.99999995529652e-02   1.99999995529652e-02   0.00000000000000e+00   8.00000011920929e-01   8.00000011920929e-01   1.00000001490116e-01   1.00000001490116e-01   1.00000001490116e-01
   1.00000004749745e-03   1.00000004749745e-03   1.00000004749745e-03   1.00000004749745e-03   1.00000004749745e-03   1.00000004749745e-03   1.00000004749745e-03   1.00000004749745e-03   1.00000004749745e-03   1.00000004749745e-03   1.00000004749745e-03   1.00000004749745e-03   1.99999995529652e-02   1.99999995529652e-02   1.99999995529652e-02   1.99999995529652e-02   1.99999995529652e-02   1.99999995529652e-02   8.00000011920929e-01   0.00000000000000e+00   8.00000011920929e-01   1.00000001490116e-01   1.00000001490116e-01   1.00000001490116e-01
   1.00000004749745e-03   1.00000004749745e-03   1.00000004749745e-03   1.00000004749745e-03   1.00000004749745e-03   1.00000004749745e-03   1.00000004749745e-03   1.00000004749745e-03   1.00000004749745e-03   1.00000004749745e-03   1.00000004749745e-03   1.00000004749745e-03   1.99999995529652e-02   1.99999995529652e-02   1.99999995529652e-02   1.99999995529652e-02   1.99999995529652e-02   1.99999995529652e-02   8.00000011920929e-01   8.00000011920929e-01   0.00000000000000e+00   1.00000001490116e-01   1.00000001490116e-01   1.00000001490116e-01
   1.00000004749745e-03   1.00000004749745e-03   1.00000004749745e-03   1.00000004749745e-03   1.00000004749745e-03   1.00000004749745e-03   1.00000004749745e-03   1.00000004749745e-03   1.00000004749745e-03   1.00000004749745e-03   1.00000004749745e-03   1.00000004749745e-03   1.99999995529652e-02   1.99999995529652e-02   1.99999995529652e-02   1.99999995529652e-02   1.99999995529652e-02   1.99999995529652e-02   1.00000001490116e-01   1.00000001490116e-01   1.00000001490116e-01   0.00000000000000e+00   8.00000011920929e-01   8.00000011920929e-01
   1.00000004749745e-03   1.00000004749745e-03   1.00000004749745e-03   1.00000004749745e-03   1.00000004749745e-03   1.00000004749745e-03   1.00000004749745e-03   1.00000004749745e-03   1.00000004749745e-03   1.00000004749745e-03   1.00000004749745e-03   1.00000004749745e-03   1.99999995529652e-02   1.99999995529652e-02   1.99999995529652e-02   1.99999995529652e-02   1.99999995529652e-02   1.99999995529652e-02   1.00000001490116e-01   1.00000001490116e-01   1.00000001490116e-01   8.00000011920929e-01   0.00000000000000e+00   8.00000011920929e-01
   1.00000004749745e-03   1.00000004749745e-03   1.00000004749745e-03   1.00000004749745e-03   1.00000004749745e-03   1.00000004749745e-03   1.00000004749745e-03   1.00000004749745e-03   1.00000004749745e-03   1.00000004749745e-03   1.00000004749745e-03   1.00000004749745e-03   1.99999995529652e-02   1.99999995529652e-02   1.99999995529652e-02   1.99999995529652e-02   1.99999995529652e-02   1.99999995529652e-02   1.00000001490116e-01   1.00000001490116e-01   1.00000001490116e-01   8.00000011920929e-01   8.00000011920929e-01   0.00000000000000e+00
